id: 23
origenX: 65
origenY: 76
destinoX: 65
destinoY: 78
distancia: 2.0
velocidad: 5546
RED: 678
GREEN: 786
BLUE: 656
id: 1
origenX: 2
origenY: 3
destinoX: 4
destinoY: 5
distancia: 2.8284271247461903
velocidad: 6
RED: 7
GREEN: 8
BLUE: 9
id: 10
origenX: 11
origenY: 12
destinoX: 13
destinoY: 14
distancia: 2.8284271247461903
velocidad: 15
RED: 16
GREEN: 17
BLUE: 18
